(0.00, 0.00, -0.02)
(0.00, 0.00, -0.03)
(0.00, 0.00, -0.05)
(0.00, 0.00, -0.06)
(0.00, 0.00, -0.08)
(0.00, 0.00, -0.10)
(0.00, 0.00, -0.11)
(0.00, 0.00, -0.13)
(0.00, 0.00, -0.14)
(0.00, 0.00, -0.16)
(0.00, 0.00, -0.18)
(0.00, 0.00, -0.19)
(-0.01, 0.00, -0.20)
(-0.01, 0.00, -0.21)
(-0.01, 0.00, -0.23)
(-0.01, 0.00, -0.25)
(-0.01, 0.00, -0.26)
(-0.01, 0.00, -0.28)
(-0.01, 0.00, -0.30)
(-0.01, 0.00, -0.32)
(-0.01, 0.00, -0.34)
(-0.01, 0.00, -0.36)
(-0.01, 0.00, -0.38)
(-0.01, 0.00, -0.40)
(-0.01, 0.00, -0.42)
(-0.01, 0.00, -0.44)
(-0.01, 0.00, -0.46)
(-0.02, 0.00, -0.48)
(-0.02, 0.00, -0.50)
(-0.02, 0.00, -0.52)
(-0.02, 0.00, -0.55)
(-0.02, 0.00, -0.57)
(-0.02, 0.00, -0.59)
(-0.03, 0.00, -0.62)
(-0.03, 0.00, -0.64)
(-0.03, 0.00, -0.67)
(-0.04, 0.00, -0.69)
(-0.04, 0.00, -0.71)
(-0.04, 0.00, -0.74)
(-0.05, 0.00, -0.76)
(-0.05, 0.00, -0.80)
(-0.05, 0.00, -0.82)
(-0.06, 0.00, -0.84)
(-0.06, 0.00, -0.86)
(-0.07, 0.00, -0.88)
(-0.07, 0.00, -0.90)
(-0.07, 0.00, -0.93)
(-0.08, 0.00, -0.95)
(-0.08, 0.00, -0.97)
(-0.09, 0.00, -0.99)
(-0.09, 0.00, -1.02)
(-0.10, 0.00, -1.04)
(-0.10, 0.00, -1.06)
(-0.11, 0.00, -1.08)
(-0.11, 0.00, -1.10)
(-0.12, 0.00, -1.13)
(-0.12, 0.00, -1.15)
(-0.13, 0.00, -1.17)
(-0.13, 0.00, -1.19)
(-0.14, 0.00, -1.21)
(-0.15, 0.00, -1.23)
(-0.15, 0.00, -1.26)
(-0.16, 0.00, -1.28)
(-0.16, 0.00, -1.30)
(-0.17, 0.00, -1.32)
(-0.18, 0.00, -1.34)
(-0.18, 0.00, -1.36)
(-0.19, 0.00, -1.38)
(-0.20, 0.00, -1.40)
(-0.20, 0.00, -1.42)
(-0.21, 0.00, -1.44)
(-0.22, 0.00, -1.47)
(-0.22, 0.00, -1.49)
(-0.23, 0.00, -1.51)
(-0.24, 0.00, -1.53)
(-0.24, 0.00, -1.55)
(-0.25, 0.00, -1.57)
(-0.26, 0.00, -1.59)
(-0.26, 0.00, -1.61)
(-0.27, 0.00, -1.63)
(-0.28, 0.00, -1.65)
(-0.28, 0.00, -1.68)
(-0.29, 0.00, -1.70)
(-0.29, 0.00, -1.71)
(-0.30, 0.00, -1.74)
(-0.31, 0.00, -1.76)
(-0.31, 0.00, -1.78)
(-0.32, 0.00, -1.80)
(-0.32, 0.00, -1.82)
(-0.33, 0.00, -1.84)
(-0.33, 0.00, -1.86)
(-0.34, 0.00, -1.88)
(-0.35, 0.00, -1.90)
(-0.35, 0.00, -1.92)
(-0.36, 0.00, -1.94)
(-0.36, 0.00, -1.96)
(-0.37, 0.00, -1.98)
(-0.37, 0.00, -1.99)
(-0.38, 0.00, -2.01)
(-0.38, 0.00, -2.03)
(-0.39, 0.00, -2.05)
(-0.40, 0.00, -2.07)
(-0.40, 0.00, -2.09)
(-0.41, 0.00, -2.11)
(-0.41, 0.00, -2.13)
(-0.42, 0.00, -2.15)
(-0.42, 0.00, -2.17)
(-0.43, 0.00, -2.19)
(-0.43, 0.00, -2.21)
(-0.44, 0.00, -2.23)
(-0.44, 0.00, -2.25)
(-0.45, 0.00, -2.27)
(-0.45, 0.00, -2.29)
(-0.46, 0.00, -2.30)
(-0.46, 0.00, -2.32)
(-0.46, 0.00, -2.34)
(-0.47, 0.00, -2.36)
(-0.47, 0.00, -2.38)
(-0.48, 0.00, -2.40)
(-0.48, 0.00, -2.42)
(-0.49, 0.00, -2.44)
(-0.49, 0.00, -2.46)
(-0.49, 0.00, -2.47)
(-0.50, 0.00, -2.50)
(-0.50, 0.00, -2.51)
(-0.50, 0.00, -2.53)
(-0.51, 0.00, -2.55)
(-0.51, 0.00, -2.57)
(-0.51, 0.00, -2.59)
(-0.51, 0.00, -2.60)
(-0.52, 0.00, -2.62)
(-0.52, 0.00, -2.64)
(-0.52, 0.00, -2.66)
(-0.52, 0.00, -2.68)
(-0.52, 0.00, -2.70)
(-0.52, 0.00, -2.71)
(-0.52, 0.00, -2.73)
(-0.52, 0.00, -2.75)
(-0.52, 0.00, -2.76)
(-0.52, 0.00, -2.78)
(-0.51, 0.00, -2.80)
(-0.51, 0.00, -2.82)
(-0.51, 0.00, -2.83)
(-0.51, 0.00, -2.85)
(-0.51, 0.00, -2.86)
(-0.50, 0.00, -2.88)
(-0.50, 0.00, -2.90)
(-0.50, 0.00, -2.91)
(-0.49, 0.00, -2.93)
(-0.49, 0.00, -2.95)
(-0.48, 0.00, -2.96)
(-0.48, 0.00, -2.98)
(-0.48, 0.00, -3.00)
(-0.47, 0.00, -3.01)
(-0.47, 0.00, -3.03)
(-0.46, 0.00, -3.05)
(-0.46, 0.00, -3.07)
(-0.45, 0.00, -3.08)
(-0.45, 0.00, -3.10)
(-0.44, 0.00, -3.12)
(-0.44, 0.00, -3.14)
(-0.43, 0.00, -3.16)
(-0.43, 0.00, -3.17)
(-0.42, 0.00, -3.19)
(-0.42, 0.00, -3.21)
(-0.41, 0.00, -3.23)
(-0.41, 0.00, -3.25)
(-0.40, 0.00, -3.26)
(-0.40, 0.00, -3.28)
(-0.40, 0.00, -3.30)
(-0.39, 0.00, -3.32)
(-0.39, 0.00, -3.33)
(-0.38, 0.00, -3.35)
(-0.38, 0.00, -3.37)
(-0.38, 0.00, -3.38)
(-0.37, 0.00, -3.40)
(-0.37, 0.00, -3.41)
(-0.37, 0.00, -3.43)
(-0.36, 0.00, -3.45)
(-0.36, 0.00, -3.46)
(-0.36, 0.00, -3.48)
(-0.35, 0.00, -3.49)
(-0.35, 0.00, -3.51)
(-0.35, 0.00, -3.52)
(-0.35, 0.00, -3.54)
(-0.34, 0.00, -3.55)
(-0.34, 0.00, -3.57)
(-0.34, 0.00, -3.58)
(-0.34, 0.00, -3.60)
(-0.33, 0.00, -3.61)
(-0.33, 0.00, -3.63)
(-0.33, 0.00, -3.64)
(-0.33, 0.00, -3.66)
(-0.32, 0.00, -3.67)
(-0.32, 0.00, -3.68)
(-0.32, 0.00, -3.70)
(-0.32, 0.00, -3.71)
(-0.31, 0.00, -3.73)
(-0.31, 0.00, -3.74)
(-0.31, 0.00, -3.75)
(-0.31, 0.00, -3.77)
(-0.30, 0.00, -3.78)
(-0.30, 0.00, -3.80)
(-0.30, 0.00, -3.81)
(-0.30, 0.00, -3.82)
(-0.29, 0.00, -3.84)
(-0.29, 0.00, -3.85)
(-0.29, 0.00, -3.87)
(-0.29, 0.00, -3.88)
(-0.28, 0.00, -3.90)
(-0.28, 0.00, -3.91)
(-0.28, 0.00, -3.93)
(-0.27, 0.00, -3.94)
(-0.27, 0.00, -3.96)
(-0.27, 0.00, -3.97)
(-0.26, 0.00, -3.98)
(-0.26, 0.00, -4.00)
(-0.26, 0.00, -4.01)
(-0.25, 0.00, -4.03)
(-0.25, 0.00, -4.04)
(-0.25, 0.00, -4.06)
(-0.24, 0.00, -4.07)
(-0.24, 0.00, -4.09)
(-0.24, 0.00, -4.10)
(-0.23, 0.00, -4.12)
(-0.23, 0.00, -4.13)
(-0.22, 0.00, -4.15)
(-0.22, 0.00, -4.16)
(-0.22, 0.00, -4.18)
(-0.21, 0.00, -4.19)
(-0.21, 0.00, -4.21)
(-0.20, 0.00, -4.22)
(-0.20, 0.00, -4.24)
(-0.19, 0.00, -4.25)
(-0.19, 0.00, -4.27)
(-0.18, 0.00, -4.28)
(-0.18, 0.00, -4.30)
(-0.17, 0.00, -4.31)
(-0.17, 0.00, -4.32)
(-0.16, 0.00, -4.34)
(-0.16, 0.00, -4.35)
(-0.15, 0.00, -4.36)
(-0.15, 0.00, -4.38)
(-0.14, 0.00, -4.39)
(-0.14, 0.00, -4.40)
(-0.14, 0.00, -4.42)
(-0.13, 0.00, -4.43)
(-0.13, 0.00, -4.45)
(-0.12, 0.00, -4.46)
(-0.12, 0.00, -4.47)
(-0.11, 0.00, -4.48)
(-0.11, 0.00, -4.50)
(-0.10, 0.00, -4.51)
(-0.10, 0.00, -4.52)
(-0.09, 0.00, -4.54)
(-0.09, 0.00, -4.55)
(-0.09, 0.00, -4.56)
(-0.08, 0.00, -4.58)
(-0.08, 0.00, -4.59)
(-0.07, 0.00, -4.60)
(-0.07, 0.00, -4.62)
(-0.06, 0.00, -4.63)
(-0.06, 0.00, -4.64)
(-0.06, 0.00, -4.65)
(-0.05, 0.00, -4.67)
(-0.05, 0.00, -4.68)
(-0.04, 0.00, -4.69)
(-0.04, 0.00, -4.70)
(-0.04, 0.00, -4.72)
(-0.03, 0.00, -4.73)
(-0.03, 0.00, -4.74)
(-0.02, 0.00, -4.75)
(-0.02, 0.00, -4.77)
(-0.01, 0.00, -4.78)
(-0.01, 0.00, -4.79)
(-0.01, 0.00, -4.80)
(0.00, 0.00, -4.82)
(0.00, 0.00, -4.83)
(0.01, 0.00, -4.84)
(0.01, 0.00, -4.85)
(0.01, 0.00, -4.87)
(0.02, 0.00, -4.88)
(0.02, 0.00, -4.89)
(0.03, 0.00, -4.90)
(0.03, 0.00, -4.91)
(0.04, 0.00, -4.93)
(0.04, 0.00, -4.94)
(0.04, 0.00, -4.95)
(0.05, 0.00, -4.96)
(0.05, 0.00, -4.97)
(0.06, 0.00, -4.99)
(0.06, 0.00, -5.00)
(0.06, 0.00, -5.01)
(0.07, 0.00, -5.02)
(0.07, 0.00, -5.04)
(0.08, 0.00, -5.05)
(0.08, 0.00, -5.06)
(0.08, 0.00, -5.07)
(0.09, 0.00, -5.08)
(0.09, 0.00, -5.10)
(0.10, 0.00, -5.11)
(0.10, 0.00, -5.12)
(0.10, 0.00, -5.13)
(0.11, 0.00, -5.15)
(0.11, 0.00, -5.16)
(0.12, 0.00, -5.17)
(0.12, 0.00, -5.18)
(0.12, 0.00, -5.20)
(0.13, 0.00, -5.21)
(0.13, 0.00, -5.22)
(0.14, 0.00, -5.23)
(0.14, 0.00, -5.25)
(0.15, 0.00, -5.26)
(0.15, 0.00, -5.27)
(0.15, 0.00, -5.28)
(0.16, 0.00, -5.30)
(0.16, 0.00, -5.31)
(0.17, 0.00, -5.32)
(0.17, 0.00, -5.33)
(0.17, 0.00, -5.35)
(0.18, 0.00, -5.36)
(0.18, 0.00, -5.37)
(0.19, 0.00, -5.39)
(0.19, 0.00, -5.40)
(0.19, 0.00, -5.41)
(0.20, 0.00, -5.42)
(0.20, 0.00, -5.44)
(0.20, 0.00, -5.45)
(0.21, 0.00, -5.46)
(0.21, 0.00, -5.48)
(0.22, 0.00, -5.49)
(0.22, 0.00, -5.50)
(0.22, 0.00, -5.51)
(0.23, 0.00, -5.53)
(0.23, 0.00, -5.54)
(0.24, 0.00, -5.55)
(0.24, 0.00, -5.57)
(0.24, 0.00, -5.58)
(0.25, 0.00, -5.59)
(0.25, 0.00, -5.61)
(0.26, 0.00, -5.62)
(0.26, 0.00, -5.63)
(0.26, 0.00, -5.65)
(0.27, 0.00, -5.66)
(0.27, 0.00, -5.67)
(0.28, 0.00, -5.68)
(0.28, 0.00, -5.70)
(0.28, 0.00, -5.71)
(0.29, 0.00, -5.72)
(0.29, 0.00, -5.74)
(0.29, 0.00, -5.75)
(0.30, 0.00, -5.76)
(0.30, 0.00, -5.78)
(0.31, 0.00, -5.79)
(0.31, 0.00, -5.81)
(0.31, 0.00, -5.82)
(0.32, 0.00, -5.83)
(0.32, 0.00, -5.84)
(0.33, 0.00, -5.86)
(0.33, 0.00, -5.87)
(0.33, 0.00, -5.88)
(0.34, 0.00, -5.90)
(0.34, 0.00, -5.91)
(0.34, 0.00, -5.92)
(0.35, 0.00, -5.94)
(0.35, 0.00, -5.95)
(0.36, 0.00, -5.96)
(0.36, 0.00, -5.97)
(0.36, 0.00, -5.99)
(0.37, 0.00, -6.00)
(0.37, 0.00, -6.01)
(0.37, 0.00, -6.03)
(0.38, 0.00, -6.04)
(0.38, 0.00, -6.05)
(0.39, 0.00, -6.07)
(0.39, 0.00, -6.08)
(0.39, 0.00, -6.10)
(0.40, 0.00, -6.11)
(0.40, 0.00, -6.12)
(0.40, 0.00, -6.13)
(0.41, 0.00, -6.15)
(0.41, 0.00, -6.16)
(0.41, 0.00, -6.18)
(0.42, 0.00, -6.19)
(0.42, 0.00, -6.20)
(0.43, 0.00, -6.22)
(0.43, 0.00, -6.23)
(0.43, 0.00, -6.24)
(0.44, 0.00, -6.26)
(0.44, 0.00, -6.27)
(0.44, 0.00, -6.28)
(0.45, 0.00, -6.30)
(0.45, 0.00, -6.31)
(0.45, 0.00, -6.33)
(0.46, 0.00, -6.34)
(0.46, 0.00, -6.35)
(0.46, 0.00, -6.37)
(0.47, 0.00, -6.38)
(0.47, 0.00, -6.40)
(0.48, 0.00, -6.41)
(0.48, 0.00, -6.43)
(0.48, 0.00, -6.44)
(0.49, 0.00, -6.45)
(0.49, 0.00, -6.47)
(0.49, 0.00, -6.48)
(0.50, 0.00, -6.50)
(0.50, 0.00, -6.51)
(0.50, 0.00, -6.52)
(0.51, 0.00, -6.54)
(0.51, 0.00, -6.55)
(0.51, 0.00, -6.57)
(0.52, 0.00, -6.58)
(0.52, 0.00, -6.59)
(0.52, 0.00, -6.61)
(0.53, 0.00, -6.62)
(0.53, 0.00, -6.64)
(0.53, 0.00, -6.65)
(0.54, 0.00, -6.67)
(0.54, 0.00, -6.68)
(0.55, 0.00, -6.70)
(0.55, 0.00, -6.71)
(0.55, 0.00, -6.72)
(0.56, 0.00, -6.74)
(0.56, 0.00, -6.75)
(0.56, 0.00, -6.77)
(0.57, 0.00, -6.78)
(0.57, 0.00, -6.80)
(0.57, 0.00, -6.81)
(0.58, 0.00, -6.82)
(0.58, 0.00, -6.84)
(0.59, 0.00, -6.85)
(0.59, 0.00, -6.87)
(0.59, 0.00, -6.88)
(0.60, 0.00, -6.89)
(0.60, 0.00, -6.91)
(0.61, 0.00, -6.92)
(0.61, 0.00, -6.94)
(0.62, 0.00, -6.95)
(0.62, 0.00, -6.96)
(0.63, 0.00, -6.98)
(0.63, 0.00, -6.99)
(0.64, 0.00, -7.00)
(0.65, 0.00, -7.01)
(0.65, 0.00, -7.03)
(0.66, 0.00, -7.04)
(0.67, 0.00, -7.05)
(0.67, 0.00, -7.06)
(0.68, 0.00, -7.08)
(0.69, 0.00, -7.09)
(0.70, 0.00, -7.10)
(0.71, 0.00, -7.11)
(0.71, 0.00, -7.13)
(0.72, 0.00, -7.14)
(0.73, 0.00, -7.15)
(0.74, 0.00, -7.16)
(0.75, 0.00, -7.17)
(0.76, 0.00, -7.19)
(0.77, 0.00, -7.20)
(0.78, 0.00, -7.21)
(0.79, 0.00, -7.22)
(0.80, 0.00, -7.23)
(0.82, 0.00, -7.24)
(0.83, 0.00, -7.25)
(0.84, 0.00, -7.26)
(0.85, 0.00, -7.28)
(0.87, 0.00, -7.29)
(0.88, 0.00, -7.30)
(0.89, 0.00, -7.31)
(0.91, 0.00, -7.32)
(0.92, 0.00, -7.33)
(0.94, 0.00, -7.34)
(0.95, 0.00, -7.35)
(0.96, 0.00, -7.35)
(0.98, 0.00, -7.36)
(0.99, 0.00, -7.37)
(1.01, 0.00, -7.38)
(1.02, 0.00, -7.39)
(1.03, 0.00, -7.40)
(1.05, 0.00, -7.41)
(1.06, 0.00, -7.41)
(1.08, 0.00, -7.42)
(1.09, 0.00, -7.43)
(1.11, 0.00, -7.44)
(1.12, 0.00, -7.45)
(1.13, 0.00, -7.45)
(1.15, 0.00, -7.46)
(1.16, 0.00, -7.47)
(1.18, 0.00, -7.48)
(1.19, 0.00, -7.49)
(1.20, 0.00, -7.50)
(1.22, 0.00, -7.51)
(1.23, 0.00, -7.52)
(1.25, 0.00, -7.52)
(1.26, 0.00, -7.53)
(1.27, 0.00, -7.54)
(1.28, 0.00, -7.55)
(1.30, 0.00, -7.56)
(1.31, 0.00, -7.57)
(1.32, 0.00, -7.58)
(1.33, 0.00, -7.59)
(1.35, 0.00, -7.60)
(1.36, 0.00, -7.61)
(1.37, 0.00, -7.62)
(1.38, 0.00, -7.63)
(1.39, 0.00, -7.64)
(1.41, 0.00, -7.66)
(1.42, 0.00, -7.67)
(1.43, 0.00, -7.68)
(1.44, 0.00, -7.69)
(1.45, 0.00, -7.70)
(1.46, 0.00, -7.71)
(1.47, 0.00, -7.73)
(1.48, 0.00, -7.74)
(1.49, 0.00, -7.75)
(1.49, 0.00, -7.76)
(1.50, 0.00, -7.78)
(1.51, 0.00, -7.79)
(1.52, 0.00, -7.81)
(1.52, 0.00, -7.82)
(1.53, 0.00, -7.84)
(1.54, 0.00, -7.85)
(1.54, 0.00, -7.87)
(1.55, 0.00, -7.88)
(1.56, 0.00, -7.90)
(1.56, 0.00, -7.92)
(1.57, 0.00, -7.93)
(1.57, 0.00, -7.95)
(1.58, 0.00, -7.96)
(1.58, 0.00, -7.98)
(1.58, 0.00, -8.00)
(1.59, 0.00, -8.01)
(1.59, 0.00, -8.03)
(1.60, 0.00, -8.05)
(1.60, 0.00, -8.06)
(1.60, 0.00, -8.08)
(1.61, 0.00, -8.10)
(1.61, 0.00, -8.12)
(1.61, 0.00, -8.14)
(1.62, 0.00, -8.15)
(1.62, 0.00, -8.17)
(1.63, 0.00, -8.19)
(1.63, 0.00, -8.21)
(1.63, 0.00, -8.23)
(1.64, 0.00, -8.25)
(1.64, 0.00, -8.26)
(1.64, 0.00, -8.28)
(1.65, 0.00, -8.30)
(1.65, 0.00, -8.32)
(1.65, 0.00, -8.34)
(1.65, 0.00, -8.36)
(1.66, 0.00, -8.38)
(1.66, 0.00, -8.40)
(1.66, 0.00, -8.42)
(1.67, 0.00, -8.44)
(1.67, 0.00, -8.46)
(1.67, 0.00, -8.48)
(1.67, 0.00, -8.50)
(1.67, 0.00, -8.52)
(1.68, 0.00, -8.53)
(1.68, 0.00, -8.56)
(1.68, 0.00, -8.57)
(1.68, 0.00, -8.59)
(1.68, 0.00, -8.61)
(1.68, 0.00, -8.63)
(1.68, 0.00, -8.65)
(1.68, 0.00, -8.67)
(1.68, 0.00, -8.69)
(1.68, 0.00, -8.71)
(1.68, 0.00, -8.73)
(1.68, 0.00, -8.75)
(1.68, 0.00, -8.77)
(1.68, 0.00, -8.79)
(1.68, 0.00, -8.81)
(1.68, 0.00, -8.83)
(1.67, 0.00, -8.85)
(1.67, 0.00, -8.86)
(1.67, 0.00, -8.88)
(1.66, 0.00, -8.90)
(1.66, 0.00, -8.92)
(1.66, 0.00, -8.93)
(1.65, 0.00, -8.95)
(1.65, 0.00, -8.97)
(1.64, 0.00, -8.99)
(1.64, 0.00, -9.00)
(1.63, 0.00, -9.02)
(1.63, 0.00, -9.03)
(1.62, 0.00, -9.05)
(1.61, 0.00, -9.06)
(1.61, 0.00, -9.08)
(1.60, 0.00, -9.09)
(1.59, 0.00, -9.11)
(1.58, 0.00, -9.12)
(1.57, 0.00, -9.14)
(1.57, 0.00, -9.15)
(1.56, 0.00, -9.17)
(1.55, 0.00, -9.18)
(1.54, 0.00, -9.19)
(1.53, 0.00, -9.21)
(1.52, 0.00, -9.22)
(1.51, 0.00, -9.23)
(1.50, 0.00, -9.24)
(1.49, 0.00, -9.26)
(1.48, 0.00, -9.27)
(1.47, 0.00, -9.28)
(1.46, 0.00, -9.29)
(1.44, 0.00, -9.30)
(1.43, 0.00, -9.31)
(1.42, 0.00, -9.32)
(1.41, 0.00, -9.33)
(1.40, 0.00, -9.35)
(1.39, 0.00, -9.36)
(1.37, 0.00, -9.37)
(1.36, 0.00, -9.38)
(1.35, 0.00, -9.39)
(1.34, 0.00, -9.40)
(1.32, 0.00, -9.41)
(1.31, 0.00, -9.42)
(1.30, 0.00, -9.43)
(1.28, 0.00, -9.45)
(1.27, 0.00, -9.46)
(1.26, 0.00, -9.47)
(1.24, 0.00, -9.48)
(1.23, 0.00, -9.49)
(1.22, 0.00, -9.50)
(1.20, 0.00, -9.51)
(1.19, 0.00, -9.52)
(1.17, 0.00, -9.54)
(1.16, 0.00, -9.55)
(1.15, 0.00, -9.56)
(1.14, 0.00, -9.57)
(1.12, 0.00, -9.58)
(1.11, 0.00, -9.60)
(1.09, 0.00, -9.61)
(1.08, 0.00, -9.62)
(1.07, 0.00, -9.63)
(1.06, 0.00, -9.64)
(1.05, 0.00, -9.65)
(1.04, 0.00, -9.67)
(1.03, 0.00, -9.68)
(1.02, 0.00, -9.69)
(1.01, 0.00, -9.70)
(1.00, 0.00, -9.71)
(0.99, 0.00, -9.72)
(0.98, 0.00, -9.73)
(0.98, 0.00, -9.75)
(0.97, 0.00, -9.76)
(0.96, 0.00, -9.77)
(0.96, 0.00, -9.78)
(0.95, 0.00, -9.79)
(0.95, 0.00, -9.80)
(0.94, 0.00, -9.81)
(0.94, 0.00, -9.81)
(0.93, 0.00, -9.82)
(0.93, 0.00, -9.83)
(0.93, 0.00, -9.84)
(0.92, 0.00, -9.85)
(0.92, 0.00, -9.85)
(0.92, 0.00, -9.86)
(0.91, 0.00, -9.87)
(0.91, 0.00, -9.87)
(0.91, 0.00, -9.88)
(0.91, 0.00, -9.89)
(0.90, 0.00, -9.90)
(0.90, 0.00, -9.90)
(0.90, 0.00, -9.91)
(0.89, 0.00, -9.92)
(0.89, 0.00, -9.93)
(0.89, 0.00, -9.93)
(0.89, 0.00, -9.94)
(0.88, 0.00, -9.95)
(0.88, 0.00, -9.95)
(0.88, 0.00, -9.96)
(0.87, 0.00, -9.97)
(0.87, 0.00, -9.98)
(0.87, 0.00, -9.98)
(0.86, 0.00, -9.99)
(0.86, 0.00, -10.00)
(0.86, 0.00, -10.01)
(0.85, 0.00, -10.02)
(0.85, 0.00, -10.02)
(0.84, 0.00, -10.03)
(0.84, 0.00, -10.04)
(0.84, 0.00, -10.05)
(0.83, 0.00, -10.06)
(0.83, 0.00, -10.06)
(0.82, 0.00, -10.07)
(0.82, 0.00, -10.08)
(0.81, 0.00, -10.09)
(0.81, 0.00, -10.10)
(0.81, 0.00, -10.11)
(0.80, 0.00, -10.12)
(0.80, 0.00, -10.12)
(0.79, 0.00, -10.13)
(0.78, 0.00, -10.14)
(0.78, 0.00, -10.15)
(0.77, 0.00, -10.16)
(0.77, 0.00, -10.17)
(0.76, 0.00, -10.18)
(0.76, 0.00, -10.19)
(0.75, 0.00, -10.20)
(0.74, 0.00, -10.21)
(0.74, 0.00, -10.22)
(0.73, 0.00, -10.23)
(0.73, 0.00, -10.24)
(0.72, 0.00, -10.25)
(0.71, 0.00, -10.26)
(0.71, 0.00, -10.27)
(0.70, 0.00, -10.28)
(0.69, 0.00, -10.29)
(0.69, 0.00, -10.30)
(0.68, 0.00, -10.31)
(0.67, 0.00, -10.32)
(0.67, 0.00, -10.33)
(0.66, 0.00, -10.34)
(0.66, 0.00, -10.35)
(0.65, 0.00, -10.36)
(0.65, 0.00, -10.37)
(0.64, 0.00, -10.38)
(0.64, 0.00, -10.39)
(0.63, 0.00, -10.40)
(0.63, 0.00, -10.41)
(0.62, 0.00, -10.42)
(0.62, 0.00, -10.43)
(0.61, 0.00, -10.44)
(0.61, 0.00, -10.45)
(0.61, 0.00, -10.46)
(0.60, 0.00, -10.47)
(0.60, 0.00, -10.48)
(0.60, 0.00, -10.49)
(0.59, 0.00, -10.50)
(0.59, 0.00, -10.51)
